      limit_balance  default_payment_next_month
0           80000.0                           1
1          200000.0                           0
2           20000.0                           1
3          260000.0                           0
4          150000.0                           0
...             ...                         ...
2960        80000.0                           0
2961        50000.0                           1
2962       450000.0                           1
2963        50000.0                           0
2964       290000.0                           0

[2964 rows x 2 columns]