      pay_1  pay_2  pay_3  pay_4  pay_5  pay_6
0       0.0    0.0    0.0    0.0    0.0    0.0
1       0.0    0.0    0.0    0.0    0.0    0.0
2       0.0    0.0    0.0    0.0    0.0    0.0
3       0.0    0.0    0.0    0.0    0.0    0.0
4       0.0    0.0    0.0   -1.0    0.0    0.0
...     ...    ...    ...    ...    ...    ...
2960   -1.0   -1.0   -1.0   -2.0   -2.0   -2.0
2961   -1.0   -1.0   -1.0   -1.0   -2.0   -2.0
2962   -2.0   -2.0   -2.0   -2.0   -2.0   -2.0
2963   -2.0   -2.0   -2.0   -2.0   -2.0   -2.0
2964    1.0   -2.0   -2.0   -2.0   -2.0   -2.0

[2964 rows x 6 columns]